12805 12741 15436 15648
13087 11128 19911 15724
15436 15648 19911 15724
12805 12741 13087 11128
12805 12741 15436 15648
15436 15648 15469 16093
15469 16093 14086 19343
11775 14031 12651 19471
14086 19343 12651 19471
12805 12741 11775 14031
13087 11128 19911 15724
19911 15724 21806 15941
13165 10467 20390 12445
13087 11128 13165 10467
22351 13991 20390 12445
21806 15941 22351 13991
15436 15648 19911 15724
15436 15648 15469 16093
19911 15724 21806 15941
15469 16093 18975 21440
18975 21440 19428 21750
21806 15941 22055 18956
19428 21750 22055 18956
15469 16093 14086 19343
15469 16093 18975 21440
14086 19343 18975 21440
11775 14031 12651 19471
11038 14418 9585 21470
12651 19471 10678 21402
11775 14031 11038 14418
9585 21470 10678 21402
11038 14418 9585 21470
11038 14418 6790 15981
9585 21470 9076 21561
6790 15981 6136 17418
9076 21561 6136 17418
13165 10467 20390 12445
13165 10467 12607 8390
20390 12445 19175 6014
19175 6014 13309 7486
12607 8390 13309 7486
14086 19343 12651 19471
18975 21440 19428 21750
14086 19343 18975 21440
12651 19471 10678 21402
10678 21402 12482 22931
12482 22931 15959 24844
19428 21750 19142 22983
15959 24844 16784 24804
19142 22983 16784 24804
12805 12741 13087 11128
12805 12741 11775 14031
13087 11128 13165 10467
11775 14031 11038 14418
11038 14418 6790 15981
13165 10467 12607 8390
12438 8362 5580 10806
6790 15981 5459 12947
5580 10806 5459 12947
12607 8390 12438 8362
22351 13991 20390 12445
20390 12445 19175 6014
22351 13991 23270 13260
19175 6014 19286 5943
23270 13260 23348 13176
25118 7760 23348 13176
19286 5943 23319 6269
25118 7760 23319 6269
9585 21470 10678 21402
9585 21470 9076 21561
10678 21402 12482 22931
12482 22931 10850 27310
9076 21561 8118 23076
10817 27308 8118 23076
10850 27310 10817 27308
12482 22931 15959 24844
12482 22931 10850 27310
15959 24844 12316 27679
10850 27310 12316 27679
12438 8362 5580 10806
5580 10806 1948 8084
12438 8362 7778 5153
7778 5153 5859 4839
5859 4839 4521 4969
3883 5317 4521 4969
1948 8084 3883 5317
6790 15981 6136 17418
6790 15981 5459 12947
6136 17418 5975 17459
5459 12947 536 14249
4642 17010 536 14249
5975 17459 4642 17010
21806 15941 22351 13991
21806 15941 22055 18956
22351 13991 23270 13260
23270 13260 28907 17063
22055 18956 25848 20134
28907 17063 25848 20134
9076 21561 6136 17418
9076 21561 8118 23076
6136 17418 5975 17459
5975 17459 2497 20755
8118 23076 4792 25088
2497 20755 4792 25088
19175 6014 13309 7486
19175 6014 19286 5943
13309 7486 13304 1168
19286 5943 19237 2013
13304 1168 19237 2013
23270 13260 23348 13176
23270 13260 28907 17063
23348 13176 27589 13322
27589 13322 29849 16542
28907 17063 29849 16542
5580 10806 5459 12947
5580 10806 1948 8084
5459 12947 536 14249
536 14249 0 14152
1948 8084 0 8567
19428 21750 22055 18956
19428 21750 19142 22983
22055 18956 25848 20134
21082 25067 28258 23227
19142 22983 21082 25067
25848 20134 28258 23227
25118 7760 23348 13176
23348 13176 27589 13322
27375 7348 27715 13209
27589 13322 27715 13209
25118 7760 27375 7348
4642 17010 536 14249
536 14249 0 14152
4642 17010 0 17888
5975 17459 4642 17010
5975 17459 2497 20755
4642 17010 0 17888
2497 20755 0 20231
12607 8390 13309 7486
12607 8390 12438 8362
12438 8362 7778 5153
13309 7486 13304 1168
13304 1168 12968 89
8040 4174 8594 2501
7778 5153 8040 4174
12968 89 8594 2501
27375 7348 27715 13209
27715 13209 30000 11555
27375 7348 30000 6750
10817 27308 8118 23076
8118 23076 4792 25088
10817 27308 7564 30000
4792 25088 4309 26056
4309 26056 6550 30000
15959 24844 16784 24804
15959 24844 12316 27679
16784 24804 17160 30000
12316 27679 13111 30000
21082 25067 28258 23227
21082 25067 21808 26160
28258 23227 28590 23548
21808 26160 24996 26820
24996 26820 26490 26630
27006 26221 26490 26630
28590 23548 27006 26221
19286 5943 23319 6269
19286 5943 19237 2013
19237 2013 20296 0
23319 6269 23632 4130
23632 4130 22788 1801
22788 1801 20320 0
19142 22983 16784 24804
19142 22983 21082 25067
16784 24804 17160 30000
21082 25067 21808 26160
21808 26160 21447 30000
27589 13322 29849 16542
27589 13322 27715 13209
27715 13209 30000 11555
29849 16542 30000 16535
13304 1168 19237 2013
13304 1168 12968 89
19237 2013 20296 0
12968 89 12960 0
8040 4174 8594 2501
8040 4174 6838 644
8594 2501 7176 0
6838 644 6937 0
7778 5153 5859 4839
7778 5153 8040 4174
8040 4174 6838 644
5859 4839 6838 644
12968 89 8594 2501
12968 89 12960 0
8594 2501 7176 0
10850 27310 10817 27308
10850 27310 12316 27679
10817 27308 7564 30000
12316 27679 13111 30000
28907 17063 25848 20134
28907 17063 29849 16542
25848 20134 28258 23227
28258 23227 28590 23548
29849 16542 30000 16535
28590 23548 30000 23582
2497 20755 4792 25088
2497 20755 0 20231
4792 25088 4309 26056
4309 26056 0 26939
25118 7760 23319 6269
25118 7760 27375 7348
27375 7348 30000 6750
23319 6269 23632 4130
23632 4130 27873 0
5859 4839 4521 4969
6838 644 6937 0
5859 4839 6838 644
4521 4969 4432 0
21808 26160 24996 26820
21808 26160 21447 30000
24996 26820 23986 30000
23632 4130 22788 1801
23632 4130 27873 0
22788 1801 25494 0
22788 1801 20320 0
22788 1801 25494 0
24996 26820 26490 26630
24996 26820 23986 30000
26490 26630 26431 30000
3883 5317 4521 4969
4521 4969 4432 0
3883 5317 0 426
1948 8084 3883 5317
1948 8084 0 8567
3883 5317 0 426
27006 26221 26490 26630
26490 26630 26431 30000
27006 26221 29963 30000
28590 23548 27006 26221
28590 23548 30000 23582
27006 26221 29963 30000
4309 26056 6550 30000
4309 26056 0 26939
