26530 16299
29481 27707
2075 16803
29681 19438
17581 13801
5099 21065
24365 1810
2706 29978
9921 17643
9699 2882
21583 2818
5772 1883
2869 12392
10790 17822
21051 9398
25045 28931
6341 7758
13901 17321
7246 2227
18663 9849
16913 2876
10996 29703
14601 28468
12113 25272
748 3846
1292 23082
27796 11463
17253 14288
27854 28980
2328 18141
17206 17070
23739 28516
25971 3459
24515 24765
11230 24943
27308 15146
7481 2147
3161 1930
8862 1364
29400 13678
14261 21367
15673 18075
27434 11484
8097 12687
17246 536
3482 14711
23389 344
24237 23681
19473 28115
8499 26685
